[individuals]
38
[landmarks]
35
[dimensions]
3
[names]
CEIXXI05F
CEIXXI05F_T900
CEIXXI08F
CEIXXI08F_T700
CEIXXI17M
CEIXXI17M_T900
CEIXXI24F
CEIXXI24F_T800
CEIXXI26F
CEIXXI26F_T900
CEIXXI29M
CEIXXI29M_T900
CEIXXI32F
CEIXXI32F_T800
CEIXXI35M
CEIXXI35M_T900
CEIXXI43M
CEIXXI43M_T800
CEIXXI49F
CEIXXI49F_T850
CEIXXI50F
CEIXXI50F_T900
CEIXXI51M
CEIXXI51M_T900
CEIXXI53F
CEIXXI53F_T800
CEIXXI57M
CEIXXI57M_T900
CEIXXI64M
CEIXXI64M_T800
CEIXXI65F
CEIXXI65F_T900
CEIXXI79M
CEIXXI79M_T800
CEIXXI86M
CEIXXI86M_T1000
CEIXXI97F
CEIXXI97F_T1050

[rawpoints]

'CEIXXI05F

-12.2592 -116.043 68.8247
-2.93259 -121.976 64.0282
-6.3935 -136.703 70.0617
-9.37818 -146.407 37.4535
-15.7567 -140.932 21.5632
0.968857 -129.494 49.6511
2.84644 -136.076  37.032
-18.759 -132.72 57.2489
-17.2308 -140.569 39.3158
-11.9594 -121.623 43.4045
-12.4448 -134.106 47.9094
-14.8358 -125.41 51.9619
-14.1382 -133.936 34.3502
-14.5753 -125.427 25.6563
-18.5756 -103.424 55.7122
-12.7462 -33.7102 17.6755
-1.70706 -11.1522 -8.34325
 16.608 48.7235 -13.4825
 12.479  43.106 -22.5553
-3.75656 124.917 -30.1793
16.9221  139.38 -27.1166
20.0238 142.606 -34.7782
4.73894  140.71 -37.1973
27.8219 134.525 -35.1298
26.1896 133.753 -41.2246
31.6849 127.276 -42.6201
31.7037 127.466 -47.0203
32.9718 121.412 -46.5845
27.6266 115.596 -51.2266
28.6302 128.784 -50.8546
22.1783 139.629 -48.7383
15.1143 143.768 -42.7043
-7.5354 129.358 -38.5814
-3.25543  107.83 -54.7049
22.6451 118.744 -60.045

'CEIXXI05F_T900

-17.1076 -98.3909 54.7391
-9.77692 -105.061 54.1912
-13.3713 -115.216 60.6493
-7.51294 -128.262 37.2348
-9.28303 -128.333 23.2896
-4.45456 -112.781 45.0773
-0.142792 -120.07 36.8824
-20.8941 -112.32  46.714
-15.656 -123.36 36.0075
-11.9656 -109.852  35.919
-12.2342 -116.932  40.235
-15.4184 -109.018 43.1661
-11.7013 -119.238 30.1239
-8.8806 -114.057 23.1658
-17.2313 -90.9916 41.3182
-1.6049 -44.5177 5.68056
14.9403 -22.2269 -15.7464
 22.665 46.0507 -19.7727
23.2097 39.3605 -27.8399
-8.85777  108.43 -29.2143
5.36149 128.197 -24.539
8.74868 128.908 -31.5242
-3.20933 124.952 -34.7411
13.9567 126.083 -25.3856
14.8338 125.855 -30.9118
19.7363 121.805 -29.1675
22.8445 121.245 -32.4956
23.6678 118.788 -29.7404
 24.631 111.513 -35.4628
20.9738 120.929 -36.7962
 14.247 127.288 -38.6978
 7.8742 129.702 -36.6281
-9.48951 112.245 -37.4955
5.62907  97.308 -48.6519
21.4545 112.946 -42.7249

'CEIXXI08F

-20.5968 -105.981 56.3217
-12.2107 -104.364 52.4697
-15.1626 -115.159 57.5458
-8.6293 -130.02 26.0655
-11.3706 -125.089 12.1579
-5.38332 -112.117 40.1942
-3.62009 -116.202 29.3851
-22.2686 -114.785 42.8289
-19.1895 -122.495 27.6935
-17.353 -105.852 28.1496
-14.7243 -117.355 32.7465
-18.6995 -109.637 38.9901
-15.4591 -115.322   22.28
-14.1468 -106.746 14.3878
-22.1415 -94.3771 42.8382
-17.0494 -39.2115 12.4447
-5.46939 -5.87072 -12.9597
10.1361 40.9943 -14.1519
7.29836 35.2358 -23.1755
-10.8958 109.507 -30.9311
5.71653 120.441 -29.4891
9.41103 122.407 -35.4141
-4.00552 119.452 -38.5246
17.4797   115.5 -35.2742
17.2294 110.803 -40.1612
20.5774 105.468 -40.1968
20.5111 107.906 -45.1939
23.5671 102.387 -43.7758
18.4999 94.8416 -50.5895
17.6516 110.147 -50.8605
14.8487 116.131 -47.7217
8.40516 122.096 -42.3884
-15.0627 108.063 -39.8005
-6.1013 86.2481 -55.3755
14.4165 98.9481 -60.2436

'CEIXXI08F_T700

-18.9688 -104.855  56.575
-10.5449 -106.693  53.611
-15.3501 -116.213  57.682
-12.4636 -131.545 27.7379
-12.1543 -126.595 13.6629
-6.7365 -112.775 39.7821
-4.20352 -118.423 29.1342
-21.9341 -114.448 43.1643
-18.3201 -120.962 27.2332
-16.9285 -108.124 30.0791
-14.9184 -118.375 34.0206
-18.9996 -110.652 40.7027
-16.6592 -117.233 23.8835
-14.497 -110.961 15.7739
-22.0727 -95.7098   44.44
-17.3815 -51.7402 18.7793
-4.51229 -20.0921 -8.05548
8.54134 22.7734 -9.15444
4.58617 17.1653 -18.5419
-10.3661 105.826 -28.6191
5.28098  117.64 -29.9726
10.2939 118.271 -35.7226
0.664668 117.517 -38.0179
16.6423 111.645 -35.2628
15.7576 106.014 -40.0039
21.4588 101.169 -41.7795
19.3597 98.6338 -49.3547
21.9171 96.4072 -45.4099
18.5257 91.2777 -49.1494
16.2336 98.2947 -55.2936
17.1305 103.699 -52.0767
10.9002 114.043 -50.9543
-15.333 104.277 -37.6666
-7.99381 83.5218 -55.6244
12.3157 94.7279 -58.9321

'CEIXXI17M

-13.1599 -117.442 65.1639
-4.06857 -117.609 55.2953
-8.37164 -130.322 63.2809
-22.1405 -142.172 26.1789
-24.846 -133.033 13.0918
-3.04541 -128.767 39.7365
-4.77847 -133.716 21.7772
-22.3898 -128.156 48.7589
-25.724 -135.355 29.3536
-16.2661 -117.689 34.7939
-16.6842 -129.956 38.1936
-20.7435 -120.816 45.9522
-22.2936 -128.402 25.3098
-22.2788 -119.183 15.8426
-19.1481 -102.838 53.8406
-15.6448 -42.4149 20.6186
-9.31591 -10.6619 -13.3644
13.6321 51.7604 -19.5042
 7.5721 43.5235 -28.289
-8.80455 126.247 -33.9425
16.2878 132.272 -30.589
17.0465 136.155 -37.2698
-0.937172 138.354 -41.2214
24.7222 129.294 -41.8454
23.2822 127.499 -47.2084
25.7937 116.852 -46.4122
26.6289 120.629 -53.0606
25.8579 110.726 -50.5551
24.1678 107.377 -58.8279
25.5575 122.995 -58.0944
20.1194 135.501 -54.1994
10.9952  139.96 -45.7269
-14.9159 124.771 -41.3919
-8.0877 100.124 -63.4241
20.4109 111.849 -69.1463

'CEIXXI17M_T900

-8.17618 -102.524 58.9407
-1.93159 -104.964 50.8685
-3.99116 -115.112 59.1557
-17.8818 -130.631 30.8105
-21.7742 -124.455 18.9114
 -2.582 -114.92 39.5736
-4.33981 -119.766 25.7777
-17.9673 -115.561 50.1982
-21.5884 -124.375 32.7486
-16.8547 -106.796 33.4916
-13.0152 -118.652 37.4481
-17.3375 -108.972 44.8359
-19.6431 -119.04 28.7148
-20.735 -109.849  19.954
-16.0189 -93.1945 48.2411
-17.5445 -39.975  11.821
-11.3177 -12.0482 -14.7779
7.48846 44.0668 -13.6336
 4.1946 37.7221 -26.2607
-12.1953 106.532 -30.2846
4.73443  115.31 -23.6615
7.98971 118.739 -29.0022
-5.40669  116.13 -36.5614
 17.726 113.132 -31.6562
17.0181 111.411 -36.7527
20.4228 103.612 -33.5691
21.7406 106.635 -39.0347
23.5408 99.1587 -38.4746
22.7277  94.249 -46.1696
21.8809  107.25 -45.7206
16.2838 117.433 -44.3905
5.15588 120.518 -38.8183
-14.6264 103.383 -40.3681
-3.49014 82.5343 -55.0669
22.3835  95.998 -54.5466

'CEIXXI24F

-3.47774 -126.392 74.0035
2.93161 -128.238 67.0514
0.0837097 -139.294  73.069
-11.8969 -150.566  34.903
-22.0623 -145.157 23.4964
1.58492 -135.362 52.0682
-2.46996 -139.571 35.4174
-16.1004 -133.672  61.524
-18.3738 -141.411 44.5148
-11.5926 -125.229 46.7372
-9.56406 -138.093 46.9726
-12.9896 -129.586 56.4743
-17.7019 -136.254 37.5569
-18.313 -128.559 26.7407
-12.1357 -111.572 63.1152
-12.4434 -44.8583 24.5349
-4.87647 -19.055 -3.99973
 15.712 50.4799 -15.0471
9.75937 44.7078 -23.3946
-2.41977 131.298 -31.3115
13.8957 140.438 -28.3686
21.1079 144.568 -35.6347
3.77726 143.612 -37.3916
26.6675 136.574 -36.0295
26.0396 134.425 -41.7336
32.0583  130.09 -44.1662
32.3893 129.951 -49.6962
33.0204 124.911 -47.4015
28.2612 118.976 -55.0283
29.4357 131.503 -54.3927
24.6969 141.652 -47.0037
 13.763 147.622 -41.8308
-6.76816 137.878 -43.6586
-2.0548 113.654 -61.6556
22.1099 123.183 -63.082

'CEIXXI24F_T800

-4.31478 -117.461  72.689
1.37143 -123.633 63.4556
2.60184 -130.455 71.1374
-12.1887 -145.522 35.1034
-19.8176 -138.16 23.5236
-3.18928 -133.215 51.6013
-1.46746 -138.057 34.1616
-15.0474 -131.359 65.2488
-17.3651 -139.308 40.5032
-13.5963 -122.595 46.1333
-12.0076 -134.787 48.7919
-12.1312 -124.533 56.8621
-17.6146 -133.865 36.2651
-17.0997 -123.587 28.6722
-12.9312 -107.746 60.0478
-13.7838 -51.122 25.4547
-3.96465 -13.8017 -8.74109
16.7787 46.7111 -14.2082
10.2342 37.9537 -23.6636
-3.82257 128.762 -32.2819
13.9406 140.897 -28.3014
16.6625 145.879 -34.685
  2.836 142.959 -42.0813
23.7263 141.217 -37.5349
23.2902 137.947 -42.365
29.1488 133.022 -41.0683
28.7689 133.837 -47.8979
 31.143 125.194 -48.3605
26.4902 123.331 -52.6792
 26.383 135.796 -54.2306
21.0673 142.797 -53.9399
13.6953 146.008 -44.6694
-7.0528 132.561 -42.4526
-1.02693 113.503 -58.407
22.5905  128.73 -58.6404

'CEIXXI26F

-11.4136 -106.626 55.7101
-4.92526 -112.989 53.5289
-6.83364 -122.796 59.7951
-15.6457 -139.523 29.2252
-19.4809 -130.148 15.7682
-4.26743 -121.29 41.4877
-3.71104 -129.411 26.4426
-20.3851 -122.015 50.7509
 -22.86 -129.456 31.8044
-17.8592 -112.791 36.1501
-14.9972 -123.909 40.0064
-15.8654 -114.925 45.5348
-19.035 -124.76 27.7578
-19.6649 -115.314 19.5913
-19.5654 -92.3991  47.155
-18.6543 -31.5414 8.00374
-9.50368 -12.3616 -14.5523
11.2946 46.1791 -20.5064
4.75928 37.6576 -27.4303
-10.4835 119.542 -33.7482
11.0994 125.695 -30.7748
12.4013 130.831 -37.2398
-2.4226 129.071 -40.2141
 21.701 120.606 -36.5559
20.3532 119.578 -41.9668
24.7826 114.683 -43.0829
 24.856  113.59 -48.0327
 27.211 108.146 -44.7793
23.7921 102.607 -52.0032
22.8769 114.661 -51.7558
18.1495 125.459 -48.5676
9.15624 130.947 -43.7488
-13.0573 117.085   -43.4
-2.63741 97.4566 -61.428
20.0508 109.689 -61.5781

'CEIXXI26F_T900

-7.71533 -105.403 53.6134
-4.28789 -109.884 51.5224
-5.83445 -118.237 56.9103
-17.8301 -134.335 28.8282
-20.2326 -127.26 16.0284
-4.87182 -117.831 39.6296
-6.30534 -125.873 25.9192
-19.0722 -117.535 48.3489
-23.2187 -125.341 32.4037
-17.0514 -109.541 34.0945
-15.8138 -120.704 37.1999
-14.3364 -112.454 43.0923
-20.0074 -120.899 26.8077
-19.3444 -111.09 19.0697
-14.1929 -91.0181 45.8249
-16.6375 -36.3041 11.5716
-6.8658 -10.7699 -14.3801
10.9247 51.7978 -22.6403
6.52159 47.8878 -27.852
-8.92311 111.958 -31.3424
0.190689  116.81 -26.5782
1.62608 121.291 -34.1095
-2.34566 121.964 -38.8841
20.8517 114.582 -37.2812
19.5584 113.617 -43.2176
24.1862 105.386 -43.1594
23.5965 104.546 -48.5213
25.4868 99.9645 -45.035
22.0427 95.0475 -49.8874
21.1564 106.967 -56.0422
17.0613 117.215 -51.1417
6.13153 124.573 -42.3522
-11.1274 113.248 -39.4833
-3.30821 91.5111 -56.5291
16.6632 101.173 -59.0876

'CEIXXI29M

-11.5437 -119.298 71.6153
-0.978607 -118.764 65.5406
-2.59306 -131.679   71.45
-5.30804 -146.564 30.4952
-10.5658 -136.092 16.9751
 2.6174 -126.486 49.1737
3.85278 -131.267 32.4323
-18.8335 -131.259 55.2026
-16.1534 -136.781 33.4011
-12.2006 -118.832 40.5371
-11.4698 -130.682 43.7687
-15.2057 -123.849 50.7892
-13.8257 -129.655 29.5626
-12.3128 -120.75  21.506
-18.3395 -105.652 61.0326
-18.2335 -43.6619 22.9588
-2.76099 -22.2218 -3.14957
15.8623 49.1098 -7.2882
12.0941 41.5446 -17.6451
-6.17155 119.271 -32.4276
15.3333 134.766 -25.8352
21.9754 137.555 -31.7217
3.06824 137.132 -38.7391
27.3955 129.607 -33.4262
26.5141 129.719 -38.1932
33.2947 124.016 -39.6664
35.7903 121.919 -45.1459
35.0662 118.141 -42.3841
34.7035 112.322 -47.6766
32.3143 123.172 -49.4648
24.0728 135.327 -48.5763
16.7778 139.967 -42.6867
-8.06081  122.62 -41.4015
2.20504 101.966 -55.0159
27.4414 116.411 -56.5617

'CEIXXI29M_T900

-10.0791 -116.659 70.3367
-1.05504 -118.671 62.2395
-3.0859 -129.192 71.3079
-2.60574 -147.298  32.704
-5.40718 -139.791 18.7974
2.45009 -127.074 49.9268
6.25629 -134.793 33.8878
-17.1955 -133.675 57.1101
-14.5273 -139.46 35.2343
-12.6166 -118.72 40.9607
-11.0266 -133.705 45.2922
-15.7348 -124.976 52.3851
-11.6206 -131.274 30.7635
-8.20546 -122.39 22.9058
-18.2209 -102.314 57.1478
-19.6098 -43.1881 19.4823
-2.45247 -19.0495 -4.53255
17.0639 52.5489 -10.5319
12.3624 42.4871 -20.4058
-5.96447 127.601 -33.4736
19.5262  133.72 -24.7674
24.5147 137.955 -33.1662
6.46023 139.743 -37.8389
29.6532 129.839 -34.6307
29.0005  130.29 -40.0569
32.8672  126.23 -40.498
33.4251 125.275 -45.5962
35.6737 120.119 -41.9595
33.5276 114.608 -50.709
31.0098 127.262 -51.5143
26.2493  136.74 -48.0596
18.8164 140.885 -41.8219
-6.99507 130.462 -40.5556
0.433685 106.041 -58.6178
27.7696 118.835 -60.9276

'CEIXXI32F

-13.4749 -113.061 65.9836
-5.40814 -114.559 60.6938
-4.17844 -127.708 65.5534
-6.83189 -141.139 30.4672
-15.2442 -132.555 17.1374
2.53822 -122.808  47.236
4.74382 -129.124 34.1936
-18.5641 -125.562 53.9906
-15.6876 -132.456 33.4623
-10.6926 -112.938 39.0035
-9.93036 -127.069 41.7406
-13.8377 -117.959 49.6291
-12.9161 -126.417 27.3037
-12.7604 -115.932 21.4036
-19.3816 -98.8074 52.9798
-15.7508 -35.3096 21.2178
-2.01094 -13.3674 -4.04511
18.3901 58.7177 -13.7563
13.3654 51.6911 -21.2362
-6.35414 115.592 -30.9947
15.9517  133.23 -28.9083
19.1093 135.135 -35.4637
0.78445 132.647 -40.2085
23.3123 130.328 -36.5658
23.8462 128.653 -40.6845
24.1678 124.761 -41.6677
26.9236 123.422 -45.6778
29.3241 118.754 -42.8963
30.3074 109.614 -48.0153
27.9314  121.02 -49.294
18.8057 130.271 -53.106
15.0282 133.975 -46.8892
-10.1234 118.312 -40.9057
0.088913 97.6459 -59.392
23.5409 112.253 -57.7726

'CEIXXI32F_T800

-25.3089 -95.7163 47.1538
-11.3769 -101.985  41.982
-12.0257 -111.344 47.4614
1.95173 -124.848 26.8444
-6.16866 -116.731 14.4236
4.58865 -115.697 33.1991
 9.4445 -119.282 22.4115
-21.1128 -108.363 42.7537
-9.93225 -116.775 30.2574
-11.3598 -103.012 30.1696
-7.40174 -114.412 33.6865
-17.2045 -105.04 38.3439
-8.03732 -112.638 25.3734
-7.94641 -105.51 19.0118
-23.6062 -86.0097 38.5715
-13.3436 -26.145 14.1549
7.41179 -8.74282 -6.71906
16.9855 41.5534 -16.9758
10.8207 38.1177 -20.9138
6.16129 97.3963 -18.2662
19.5096 105.192 -20.2142
21.1283 110.151 -27.2702
8.01304 109.264 -25.4723
26.6197 98.4824 -32.0463
23.9353 100.205 -35.6734
26.8911 96.5104 -39.6731
24.5482 96.1385 -43.9919
27.2914 90.3837 -41.881
21.7473 86.7768 -45.1457
20.6338 98.4154 -45.9235
20.9611 105.863 -40.2978
17.0706 110.408 -30.5661
-3.25389 97.0973 -24.6971
-2.79007 80.2944 -40.741
13.6132 89.3291 -51.9182

'CEIXXI35M

-9.64207 -110.488  70.688
-2.76842 -112.858 60.7018
-2.26442 -124.953 71.4086
-7.64921  -142.9 32.0098
-15.865 -128.364  13.785
0.388039 -122.148 48.2892
3.94492 -129.351 31.4261
-21.836 -122.85 59.2464
-19.3529 -130.203 35.8255
-15.684 -112.331 39.5007
-10.5284 -125.303 43.3854
-19.0462 -116.714  50.506
-15.8892 -126.002  33.584
-14.8141 -113.635 19.9589
-19.2546 -96.0577 59.0673
-13.2565 -24.412 15.5931
1.83032 -8.87186 -9.18011
21.0464 45.3566 -11.7042
 14.853 40.0511 -24.4948
-9.22095 122.397 -29.492
15.9905 131.861 -24.2777
17.9046  135.37 -33.2593
2.81693 135.175 -34.902
25.0505 125.453 -30.5231
25.5536 124.648 -37.2029
 32.735 117.723 -40.1091
33.9856  118.81 -46.591
34.1201 114.369 -45.6001
29.0091 109.492 -51.1635
30.4381 121.929 -49.5477
21.6607 133.141 -46.7052
14.7349 137.986 -41.9986
-11.3729 123.641 -36.1383
-7.92844 102.481 -54.8734
21.3053 112.403 -59.2194

'CEIXXI35M_T900

-5.4848 -88.7369 52.7415
-0.103928 -91.0972 46.7081
1.51469 -102.798 52.8789
-10.7492 -117.557 24.4334
-17.6699 -107.65 8.83482
-2.5504 -98.9247 34.0815
-2.81165 -106.862 20.8526
-16.1711 -100.592 46.4117
-17.7305 -108.329 28.0667
-16.9531 -92.1224 30.0173
-11.5739 -102.728 33.6155
-14.3308 -96.8853 39.6454
-18.1623 -102.689 24.2137
-17.8211 -94.1547 14.2951
-15.7404 -75.401  42.298
-16.9785 -24.6202 5.08911
-9.90657 -8.0578 -16.9127
9.05739 41.6671 -23.8241
2.64229 36.4145 -31.7774
-6.77119 105.048 -28.6982
12.8641 111.554 -24.832
16.7306 115.334 -32.7878
2.32581 115.398 -33.1157
21.5377 108.658 -33.0073
20.2185  108.94     -38
23.3612 101.639 -39.945
24.7171 103.591 -44.0103
25.0025 97.7459 -43.6463
20.7701  95.855 -49.5056
 21.295 105.194 -48.0139
17.0216 114.065 -46.0199
13.1111 117.549 -40.1985
-9.96579 108.719 -34.5724
-7.7126 91.0078 -50.3502
14.7543  99.532 -56.3778

'CEIXXI43M

-6.61874 -107.525 69.7844
1.57571 -112.797 62.3054
-0.814697 -121.576 71.8858
-5.00156 -142.362 33.7255
-12.6752 -132.784 16.9948
5.47643 -121.297  48.001
6.76555 -127.977  32.098
-12.6472 -123.905 58.5464
-13.1512 -130.897  36.326
-10.9232 -111.488 36.7657
-6.24362 -125.399 43.2183
-11.0806 -118.041 51.4221
-11.3745 -124.007  29.377
-12.2809 -114.957 19.8731
-14.7119 -94.6093 53.1167
-17.5532 -37.9254 17.2206
-8.63062 -11.8187 -10.327
15.6845 50.6002 -15.0555
10.4219 41.9426 -21.2366
-4.12775 123.151 -26.3076
18.1372 134.595 -22.143
23.4237 138.174 -29.2387
5.17025 137.208 -32.4715
31.9457 128.156 -30.0738
30.7817  126.84 -35.4144
38.2056 118.838 -37.0974
36.0997 118.951 -41.7788
37.6638 111.975 -40.6372
31.5517 107.161 -46.2632
33.0028 120.776 -45.2281
27.7688 133.298 -43.4825
 19.439 139.055 -37.4055
-8.31801  124.83 -35.5459
-2.15043 98.7113 -52.189
24.0498 110.943 -53.3639

'CEIXXI43M_T800

-8.37331 -110.312 71.0147
2.21867 -115.933 63.8455
1.41963 -122.817 72.0125
-6.88737 -143.63 36.9011
-12.2805 -135.091 18.9709
4.83416 -122.659  51.074
6.93362 -130.662 35.3919
-12.6969 -126.69  55.818
-12.757 -134.022 38.4713
-9.64234 -114.849 38.7067
-7.39034 -128.336   47.26
-8.90695 -119.771  51.701
-10.4699 -127.395 31.5365
-11.004 -118.246 21.8974
-14.1442 -98.0595  54.965
-15.6353 -44.0478 20.1467
-7.68056 -12.7961 -10.2629
 16.796 49.7872 -13.9435
11.8839 44.3102 -22.8897
-3.50915 118.137 -29.8339
17.5518 129.548 -23.5647
22.6076 133.173 -30.4388
5.22746  131.58 -35.7016
 30.626 124.482 -29.8885
29.6883 123.757 -35.1679
35.6657 115.005 -36.6164
33.9521 115.702 -40.9176
36.9571 110.587 -39.6255
32.3994 105.508 -44.037
31.0562 116.038 -45.7329
26.8997 127.736 -45.016
18.9033 133.613 -39.4556
-7.4871 119.794 -39.8042
-0.702066 96.7144 -55.0269
24.1267 109.164 -53.5238

'CEIXXI49F

-15.611 -120.078 63.1802
-8.91154 -120.826 58.4608
-10.6159 -131.569  62.791
-13.0038 -142.974 31.3398
-19.7123 -136.865 16.5338
-5.94194 -128.227 45.8286
-4.45157 -132.738 31.8248
-22.3724 -131.69  49.701
-18.9484 -137.819  32.865
-15.8747 -120.816 36.5531
-14.6918 -132.712 40.4266
-21.4005 -127.185 46.8619
-17.8078 -131.59 27.3015
-17.6657 -122.063  21.853
-23.581 -109.511 50.9332
-18.2625 -47.9689 17.7807
-6.43145 -18.4044 -8.15944
9.27805 46.9494 -19.5713
2.76833 39.7612 -27.3913
-8.21077 121.397 -34.7975
8.27462 130.087 -33.039
10.4762 135.344 -44.7723
-7.38654  132.55 -46.1434
19.2958 127.452 -41.5989
19.5141 126.932 -48.851
23.6263 119.797 -46.4031
23.7182 121.295 -51.0825
25.7834 116.805 -49.4005
22.0606 113.121 -56.807
20.2722   123.6 -57.1903
12.1456 130.959 -60.2853
7.16386 135.918 -52.8591
-11.2246 119.357 -41.4826
-7.01181 102.776 -57.0995
16.5069 114.793 -64.407

'CEIXXI49F_T850

-9.45659 -101.458 49.1849
-5.35355 -102.439 42.9399
-4.9971 -108.773 48.2616
-11.7986 -119.713  22.758
-17.9552 -118.275 11.4639
-4.33621 -109.249 32.7377
-3.32726 -113.26 22.5145
-16.0374 -112.163 40.3069
-15.247 -116.801 23.9514
-14.006 -102.426 26.6304
-11.7678 -112.457 30.0471
-12.6259 -104.895 35.0709
-14.1287 -111.753 19.2144
-17.5253 -103.366 15.8645
-19.569 -91.0506 39.3242
-18.7183 -43.2009 17.3942
-1.12401 -1.66072 -10.9922
10.2513  66.262 -25.1419
8.13139 61.2924 -30.6443
 -7.108 112.706 -33.9744
-1.64653 113.086 -32.6936
8.55156 121.803 -39.5569
-1.5938 120.175 -39.5718
13.4802  116.23 -40.1317
15.3943 115.605 -44.8097
18.6674 112.036 -43.3907
19.6198 112.459 -48.6338
19.7678 108.062 -46.4046
18.1445 104.066 -50.6949
19.2831 114.014 -54.1045
9.59068 122.647 -47.6324
7.39806 123.109 -44.1661
-7.13597 112.925 -41.6717
-3.65433 98.4986 -58.1485
10.7835 106.115 -61.2003

'CEIXXI50F

-10.1789 -107.577 64.9473
-3.45865 -110.35 59.8643
-4.30025 -119.874 65.9907
-7.29515 -133.871 32.0367
-15.6662 -127.834 17.8748
0.0968018 -117.401  46.191
1.70763 -125.579 31.6738
-17.2371 -116.871 53.1578
-15.1782 -125.339 35.2671
-12.2073 -110.917 38.8626
-11.2822 -122.658 39.7382
-13.8669 -114.812   48.98
-14.3581 -121.686 30.9674
-13.6188 -116.191 22.5919
-16.6412 -97.5317 53.1515
-12.9689 -41.112 20.7852
-2.54969 -21.4046 -1.36014
13.4565 42.4552 -8.32429
10.8155 37.5942 -16.3535
-4.61311 108.575 -26.2582
12.4626 122.019 -21.8997
13.8682   124.7 -27.7737
3.76358 122.924 -31.8173
22.8619 116.608 -28.7611
 22.245  115.86 -34.3398
29.6601 108.751 -37.1203
27.4455 110.188 -41.8637
29.4562 103.649 -40.3083
26.9051 98.8296 -45.5476
 25.554 111.288 -46.675
21.6604 121.629 -42.4758
13.0001 125.794 -35.2295
-6.52885  110.31 -35.2901
1.01938 92.1193 -50.1312
19.9696 102.776 -54.9209

'CEIXXI50F_T900

-13.4755 -91.7198 49.6412
-6.79158 -92.6571 45.2798
-8.98173 -102.497 46.1486
-12.8884 -103.471 17.7874
-16.4735 -96.7057 7.82676
-5.22868 -95.1161 33.4357
-5.34555 -96.1182 20.6154
-18.8818 -97.1362 38.6432
-17.1879 -97.2564 21.1011
-15.2474 -86.4765 29.0296
-14.7725 -96.1903 29.5509
-19.109 -92.6328 38.0839
-15.0244 -93.1718 20.5116
-15.9558 -85.6202 15.5381
-17.9896 -80.6442 43.2884
-15.6326 -32.0401  27.491
-7.1058 -6.33283 5.31258
-0.146881 42.1332 -14.4214
-4.39168 33.9163 -18.0033
-8.48174 104.124 -32.4257
4.21816  115.33 -22.369
17.0875 112.612 -31.9075
2.98177 115.502 -34.7881
11.3381 107.627 -20.4269
14.4827 109.863 -24.624
19.2101 102.836 -24.7975
20.6194 104.445 -28.9117
19.8665 98.8763 -26.4378
19.0447 93.7747 -33.0503
21.6427 104.409 -33.0719
19.5148 109.785 -33.4923
10.5801 115.325 -30.3021
-3.76762 108.961 -41.0089
7.19402 88.8203 -46.069
21.3422  100.03 -39.8542

'CEIXXI51M

-18.9208 -114.357 69.5278
-7.56506 -118.023  66.598
-9.04295 -131.785 74.4545
-9.37999 -147.387 34.2025
-12.883 -137.166 17.2949
-0.231079 -128.296 52.7435
3.55655 -134.786 36.9515
-24.4501 -130.613 59.9665
-19.4926 -138.507 41.0516
-13.9927 -116.753 43.2455
-14.7128 -132.93  48.415
-20.5361 -123.42 55.5593
-15.5419 -130.59 34.4162
-13.1046 -119.842 24.0355
-21.7555 -98.7513 56.0961
-12.4956 -31.0725 19.4693
1.07176 -11.6287 -6.13873
 20.644 64.6386 -19.0437
12.3432 55.9818 -26.8013
-6.69053  133.02 -30.1692
12.0655 146.989 -27.1174
18.2646 151.194 -37.2599
4.19069  149.14 -40.185
26.8974 140.507 -32.9895
26.5691 140.595 -42.4639
33.6783 134.708 -42.0483
33.6175 133.897 -52.0987
36.4048 127.228 -48.212
33.4867 122.741 -54.8779
30.0994 133.859 -57.9278
20.4598 145.015 -55.9477
15.3516 150.833 -46.386
-10.6446 138.636 -44.8553
-1.8222 107.262 -59.3742
25.7806 123.965 -64.2082

'CEIXXI51M_T900

-13.0066 -104.224 64.4984
-4.17397 -108.533 63.1559
-6.44106 -118.573 68.8194
-6.73162 -133.438 35.6999
-7.47669 -125.932 20.6842
-0.625839 -115.233 51.3667
3.80238 -122.919 37.1204
-18.7392 -117.868 55.6108
-13.4621 -125.301 39.8778
-11.618 -109.899 40.0628
-12.2877 -122.465 45.4179
-14.8422 -112.351 50.6645
-11.1257 -121.419 33.6765
-8.60209 -112.123 25.3202
-13.2686 -92.802  48.672
-9.34273 -45.305 16.5366
1.82404 -20.6145 -7.38333
3.42561 40.0055 -6.16595
4.13335 31.1544 -17.0143
-5.9745  103.08 -39.7289
10.4414 121.027 -22.3571
18.2774 124.906 -25.0512
-1.75271 119.786 -41.4199
19.4908 115.801 -17.8326
21.8345 117.215 -25.1852
25.7249 115.603 -21.6063
29.8082 113.168 -23.3559
29.9884 108.197 -20.981
31.3667  101.97 -27.2189
30.9815 114.662 -27.4356
21.4478 121.634 -32.2113
12.8486 124.647 -32.0036
-1.57657 107.755 -51.7316
10.7877 89.4533 -49.0187
26.3182 102.326 -40.0987

'CEIXXI53F

-15.814 -98.2298 55.7417
-6.95529 -101.231 49.9801
-7.5663 -109.592 56.8036
-10.3854 -127.843 24.0964
-14.4514 -120.296 6.82903
-3.6927 -108.969 36.6253
-2.57961 -116.092 22.9991
-22.7947 -107.746 42.3838
-18.2359 -117.918 26.7282
-15.7437 -103.054 28.4689
-14.651 -113.344  35.114
-18.1633 -106.13 39.8379
-17.1711 -113.615 20.5475
-15.5838 -104.934 12.0436
-21.8209 -85.9726 41.6198
-18.9723 -29.9844 10.7287
-5.46012 -13.3161 -8.69154
11.0007 42.8502 -16.5353
5.49985 44.8889 -27.7304
-9.14133 106.218 -32.5877
8.01132 118.839 -29.4712
11.4194 124.665 -35.3623
-4.38574 120.042 -40.1988
18.4604 114.389 -37.9893
17.4813 116.127 -44.9245
23.3023 107.571 -45.7113
24.9641 108.399 -50.4548
25.0562  103.31 -48.5629
21.3969 97.9181 -53.3588
19.6642 110.344 -56.0575
14.6197 120.205 -52.9445
7.85906 124.413 -44.0635
-13.732 109.396 -42.7312
-4.21915  89.986 -59.5179
15.1404 102.783 -61.7939

'CEIXXI53F_T800

-10.5606 -86.5071 49.1299
 -1.995  -87.61 47.1704
-1.15598 -95.8125  50.075
1.03088 -107.559 21.7686
-0.582508 -101.023 7.31474
3.27942 -93.2101 34.2588
7.36137 -97.3115 23.0309
-11.6028 -98.271 39.3094
-5.74989 -102.817 23.0756
-6.67752 -89.6333 26.0155
-4.03012 -98.9737  29.657
-12.4658 -94.0699 36.9677
-5.34753 -97.521  18.169
-4.47156 -89.126 12.3757
-16.3339 -78.1701 38.5035
-13.8522 -27.6787  16.069
-3.62198 -8.39115 1.05019
10.6496 46.8654 -9.32623
8.58408 48.0301 -17.0446
-1.5618 92.0944 -27.8098
11.7359 100.227 -23.6589
13.5793 105.945 -30.2142
5.94846 102.146 -34.2879
20.5533 100.946 -31.5614
20.7049 98.8885 -35.5445
25.7311 94.3188 -35.1692
24.4561 94.3542 -39.0045
26.3002 89.6024 -39.5242
24.6697 87.3159 -43.9446
22.6918 95.4632 -43.9617
18.9722 102.125 -43.4445
 12.824 105.465 -37.9232
-3.6913 93.7019 -37.026
 5.2571 74.4016 -46.3481
21.7748  88.769 -49.8261

'CEIXXI57M

-13.5253 -111.191 70.5192
-6.69945 -110.17 66.0392
-5.98692 -125.372 70.9018
-5.93961 -141.466 31.2868
-12.7936 -133.138 15.2878
0.98941 -118.422  49.218
4.51169 -126.349 31.5904
-19.7639 -124.632 55.8544
-14.4996 -131.837 35.0239
-14.0722 -111.31 39.3573
-9.33241 -125.746 42.0308
-17.0954 -117.455  51.431
-12.9026 -125.151 29.6256
-9.07261 -112.841 22.1074
-20.689 -96.5341 57.4382
-17.2798 -40.264 20.1093
-2.11721 -18.2243 -5.74074
17.0941 47.4988 -13.2742
11.3946 39.7748 -21.6671
-7.44199 114.142 -27.6119
15.7202 128.673 -22.9538
17.2735 133.736 -28.5955
-0.973831 130.191 -32.9055
27.7982  122.16 -32.5478
26.3288 123.924  -38.88
30.7993 117.029 -38.0762
30.4244 117.207 -45.4372
35.7869  112.14 -42.9852
32.8033 105.549 -49.0806
28.2948 119.336 -51.6626
24.2747 128.616 -47.0829
 19.093 133.091 -39.2443
-10.9534 116.155 -36.6176
-0.954876 95.0703 -54.0793
25.9875  109.27 -57.283

'CEIXXI57M_T900

-5.33759 -99.7401 50.4014
-1.79176 -99.7784 42.6281
-2.74928 -111.123 48.4265
-16.8231 -120.184 19.0552
-22.7908 -111.572 7.72488
-2.9266 -107.003 29.6413
-4.9563 -111.61 17.0289
-16.8577 -105.98 41.7098
-19.5869 -111.852 23.6425
-15.0742 -96.766  27.662
-12.9196 -106.976 29.0607
-15.5073 -100.942 37.4184
-18.1385 -105.772 18.5822
-16.8727 -94.0097 14.6483
-12.7338 -86.097 44.1641
-15.4367 -31.6245 14.9416
-11.7714 -13.4458 -7.36005
3.62948 39.1168 -20.0299
   -4.6 35.7028 -24.4554
-7.30663 103.582 -33.1763
10.6752 117.606 -31.5052
12.1494 119.087 -38.4177
 -3.269 117.352 -41.0441
21.6565 110.737  -36.92
20.7039 108.555 -42.0137
21.0655 104.142 -39.1107
24.2673 105.687 -42.5506
24.7768 98.7372 -40.2557
23.4457 92.6919 -46.6293
23.6255 105.994 -47.7188
19.0139 115.933 -46.3019
7.26297 121.125 -43.3092
-10.3744 107.054 -45.1094
0.711853 86.5149 -58.4859
23.0832  97.652 -53.552

'CEIXXI64M

-10.3441 -117.127 72.2513
-3.42284 -118.405 67.0766
-4.37204 -133.986 71.7166
-7.00826 -146.32 33.1058
-15.6981 -134.709  16.509
0.920517 -126.991 49.8111
5.50867 -133.012 34.6966
-17.2639 -132.985 61.5869
-16.9574 -138.974 39.3952
-14.2883 -116.747 41.3044
-12.2649 -131.787 46.9353
-15.942 -123.546 55.0935
-15.3254 -129.074 32.4139
-13.1274 -119.062 22.4077
-17.1286 -100.092  58.868
-14.8322 -50.8603 29.5381
-2.13816 -24.3728 -1.08775
 18.658 55.3626 -15.3484
 12.349 48.2239 -23.6919
-3.55802  123.87 -29.329
13.7663 134.477 -25.1174
17.6271 139.539 -33.5091
3.95979 136.718 -37.6782
27.2216 129.078 -35.0614
 28.143 128.276 -41.2152
33.5562  123.06 -39.8613
32.7707 121.685 -46.2139
34.7148  115.25 -40.6518
 32.954 112.278 -47.0693
29.8276 124.849 -51.5442
24.9127 135.578 -48.3514
17.1344 139.207 -41.1584
-8.84237 126.776 -40.3393
-1.32029 102.802 -59.7273
26.8031  116.18 -59.5691

'CEIXXI64M_T800

-9.36777 -112.931 69.5687
-0.117386 -113.25 63.3977
-2.5853 -125.56 66.8321
-6.8761 -139.281 29.6063
-15.8081 -128.282 14.2428
1.33037 -120.68 47.5932
4.38995 -126.986 30.4892
-18.2631 -123.467 57.7633
-17.2282 -132.029 35.4488
-14.0668 -110.438 39.4667
-12.2037 -124.478 43.6631
-15.7392 -117.525 52.1299
-14.9925 -122.341 30.8539
-12.5337 -111.401 20.4239
-17.5756 -97.2023  57.303
-14.012 -35.3334 21.3904
-1.51944 -13.9708 -4.28549
 20.972 57.6848 -18.0838
11.7478 50.8846 -25.2252
-0.73468     121 -26.9498
12.6255  130.39 -24.4442
 22.199 137.921 -34.1461
3.50698 136.301   -35.2
28.5671 126.067 -39.8973
28.0067 127.626 -46.8057
32.3873 123.416 -48.4247
29.5866  124.07 -52.7751
31.6541 115.912 -52.0976
  26.19 111.142 -55.5854
26.7907 124.969 -56.3749
24.3496 134.364 -51.369
17.7719 138.831 -40.2467
-7.22015 127.146 -36.2798
-5.94832 105.515 -55.436
21.5508 118.438 -63.927

'CEIXXI65F

-13.3311 -105.839 67.5377
-7.0815 -105.092 67.0547
-5.43707 -117.395 71.7054
-8.71669 -134.577 30.1075
-13.4851 -129.706 15.0625
2.25819 -116.106 47.0152
4.42355 -125.909 30.5253
-20.1823 -117.191 52.6437
-17.2246 -127.361 32.3812
-10.079 -109.063 38.5301
-12.3728 -121.641 42.2012
-16.1859 -111.281 46.9077
 -14.15 -120.801 25.5783
-12.1371 -113.385 18.7341
-17.2683 -95.2834 54.1831
-14.6893 -49.3341 23.8737
-1.37515 -25.7276 -1.63295
16.6476 47.4101 -9.98554
11.9861 47.0391 -21.8597
-6.30489 106.004 -26.6064
13.4618 119.856 -18.8268
21.6528 122.946 -24.4321
6.26455 124.863 -30.107
25.6672 118.487 -27.3622
25.4761 117.343 -33.4851
30.4537 110.614 -32.3606
30.7671 111.984 -39.0196
 32.977 106.092 -35.2719
31.9677 101.208 -40.7584
28.6827 112.918 -43.8154
26.3058 121.905 -43.4088
20.1224 125.769 -36.3427
-10.2314 108.811 -36.8004
6.25406 88.1382 -53.0692
27.5393 103.931 -52.2566

'CEIXXI65F_T900

-12.6558 -109.032 52.6781
-6.12479 -110.233 45.6558
-14.5347 -118.853 47.0846
-20.7673 -118.58 12.3867
-26.6088 -109.603 2.56107
-10.2587 -113.754 26.8167
-10.6647 -114.163 12.9777
-22.0709 -111.481 36.2655
-25.7048 -111.933 18.9064
-19.3537 -100.473 26.1589
-20.9358 -112.491 25.2771
-21.2462 -107.647 33.8071
-24.4383 -106.776 16.2519
-22.3654 -99.3821   11.66
-14.1527 -91.9638 44.7005
-12.1863 -48.4548 39.4187
-3.48251 -24.3129 21.9866
7.90184 42.6065 3.04762
7.14954  35.531 -3.70609
-9.64561 87.7923 -25.3036
8.93733 98.9568 -19.849
14.4658 98.5985 -24.3346
-4.60835 94.2403 -32.2035
17.1456 93.5097 -26.9506
17.4159 90.3305 -30.9574
20.1593 87.3577 -29.5103
22.6345 86.1202 -33.1767
21.1088 84.6905 -26.4566
23.1974 80.9051 -31.3885
22.6479 88.0132 -38.2973
16.8605   90.61 -40.9667
9.51488 92.6623 -47.5627
-10.9372 82.2592 -34.8947
4.33156 62.7083  -40.33
21.8733  80.561 -40.5759

'CEIXXI79M

-19.2061 -127.453 67.9491
-12.2758 -127.891 62.6992
-15.0043 -140.869 68.8249
-8.88583 -157.339 31.7284
-13.5596 -145.157 15.3576
-5.20917 -135.51 48.8221
2.02612 -142.159 32.4964
-27.1036 -133.341 51.9673
-20.4345 -144.651 32.8193
-18.2742 -125.322 37.8366
-18.9001 -138.726 42.6153
-19.706 -129.516 48.9618
-17.3552 -138.509 27.1954
-14.8647 -127.84 18.8092
-22.3598 -111.687 51.1942
-21.6953 -50.9557 17.9928
-6.72977 -25.5746 -8.6922
13.1497 61.4917 -19.4586
9.76363 52.7651 -29.3903
-9.8497 122.193 -37.9252
 5.6817 137.719 -37.1429
 11.978 140.181 -42.8162
-4.16389 136.222 -47.3821
19.5741 127.857 -41.1107
21.8625 128.983 -46.6159
27.1381  126.07 -47.9035
25.8565 124.966 -55.2043
29.2264 118.028 -52.2791
23.6354 112.112 -59.3376
 23.844 126.788 -60.8719
18.3595 136.462 -58.2624
10.1638  141.52 -50.5465
-12.4711 126.761 -51.6763
-2.00216  101.39 -66.3359
20.0548 115.066 -67.4132

'CEIXXI79M_T800

-8.60562 -124.119 67.2447
-4.36301 -123.17 62.4535
-2.75163 -134.062 69.8866
-0.109375 -148.994 32.6488
-2.6615 -137.24 18.4664
1.92703 -128.509 48.1805
8.45703 -131.747 34.0039
-17.3531 -130.167 56.0395
-10.7362 -138.982 34.7038
-12.5869 -120.088 38.8529
-7.73442 -133.311 42.2776
-13.045 -125.452 51.1504
-9.40848 -131.986 29.5308
-7.29616 -123.578 22.5059
-15.5696 -110.169 55.1742
-20.4634 -46.453 24.1691
-8.39994 -22.6279 0.478271
11.4115  43.326 -5.41147
5.67642 35.6333 -12.3341
-2.26865 110.371 -41.3088
10.6772 124.856 -32.8088
20.3853 130.987 -41.3601
  5.083 126.917 -45.3676
28.2086  121.66 -39.5995
30.3682 117.455 -41.987
34.0186 113.909 -42.5119
33.4353 111.502 -49.5427
35.2636 105.598 -42.5329
32.2199 100.811 -47.4463
32.0479 112.307 -54.7989
26.6287 123.465 -56.0311
17.9602 130.227 -50.3758
-3.9458 113.945 -50.9406
5.03307 91.4373 -56.6054
28.6888 105.994 -58.0576

'CEIXXI86M

-19.0403 -124.095 67.0038
-8.50958 -125.437 59.0879
-12.2975 -137.098 68.5349
 -14.62 -153.563 35.1834
-18.3049 -146.084 18.3905
-4.81323 -133.987 48.6372
-2.27478 -140.125 34.8486
-25.2092 -135.871 58.2149
-21.8048 -145.142 37.7186
-19.9468 -122.675 38.3736
-15.3711 -135.945 44.1229
-22.003 -125.728 48.3741
-20.1898 -137.643  32.156
-16.6302 -128.295 21.7538
-24.5132 -111.265 52.3323
-19.6431 -44.1879 14.6547
-7.13935 -19.6147 -10.7121
15.6142 60.8601 -24.4609
11.0337 53.5329 -32.3033
-13.2835 127.135 -41.2292
7.30426 138.964 -35.3642
10.3756 143.914 -46.2795
-6.49291 141.483 -50.2611
21.8262  131.29 -46.4901
19.4045 131.995 -51.8278
25.6036 127.076 -52.2375
23.2321 127.071 -57.1672
26.2006 120.485 -54.6462
20.9724 115.462 -60.9774
19.5713 131.338 -61.2435
15.1826 138.957 -60.0562
5.46646 142.921 -59.029
-17.3544 129.563 -51.7538
-7.73436 107.442 -66.3827
17.8653 124.409 -68.4597

'CEIXXI86M_T1000

-17.981 -119.667 58.5093
-8.89894 -122.801 53.3013
-9.74165 -131.343 60.4795
 -15.52 -142.837 28.5629
-18.7735 -133.782 17.3224
-6.42276 -128.507 43.9663
-5.23213 -133.55 30.0399
-23.5992 -125.21 49.3345
-20.991 -133.514 31.5422
-17.941 -118.074 35.1392
-16.9296 -130.938 38.4709
-20.0062 -121.508 44.3613
-20.1753 -129.089 28.8389
-16.6041 -119.928 22.0612
-19.7457 -105.61 46.5239
-18.8927  -48.55  19.219
-8.1835 -18.1113 -8.37573
10.1783  44.415 -17.6783
5.95006 35.7135 -23.8158
-13.1982 107.709 -33.3867
3.22287 115.662 -27.5063
12.6389 127.357 -39.6579
-5.50248   122.7 -41.1988
20.2346 117.937 -41.5084
19.2403 117.073 -47.8846
23.4988 111.764 -47.9813
21.1452 111.124 -53.4591
24.2257  107.48 -47.6318
21.8648 101.517 -53.2091
19.5412 112.877 -56.0621
16.0843 121.799 -55.5141
 7.2644 127.961 -49.3267
-15.4917 111.667 -43.4432
-5.1463 93.7507 -60.196
18.3584 108.071 -59.3888

'CEIXXI97F

-9.36002 -120.605 67.3376
-0.600128 -123.042 62.8502
-1.89609 -134.854 68.1899
-6.88271 -147.942 35.3079
-12.774 -135.099 25.7464
0.979568 -131.306  49.785
1.25655 -137.093 35.1202
-14.9107 -131.947 55.2765
-12.9277 -138.156 42.5613
-12.8012 -121.455 42.9006
-11.0804 -135.568 46.3696
-14.324 -126.009 53.0823
-12.4669 -133.009 35.3398
-13.8794 -121.811 26.6135
-14.8823 -106.238 52.7062
-14.6392 -42.2227 20.3652
-6.12926 -17.5834 -3.8002
16.1084 48.6457 -13.3396
 9.3499 41.4276  -20.28
-5.39359   112.6 -28.5693
7.16252 120.861 -22.4245
15.8396  128.26 -30.9089
2.99715 129.972 -33.3387
22.1897 120.758 -28.6844
27.1562 120.729 -36.3623
28.6633 114.364 -35.2062
31.6919 114.889 -41.7579
30.4584 108.974 -39.4798
27.0541 105.113 -46.2704
27.8988 116.068 -47.1072
23.7944 125.438 -47.9085
 15.636 132.473 -40.8459
-7.90767  119.12 -36.8641
-0.289032 96.9763 -55.2263
26.0143 114.832 -54.6132

'CEIXXI97F_T1050

-7.46988 -105.912 53.6377
-1.14504 -105.887 49.3743
-2.01895 -114.007 54.3419
-0.992146 -128.121 27.8918
-8.89712 -117.854 18.0479
0.709709 -112.704 38.3386
0.739796 -116.602 26.9824
-12.6658 -112.877 45.2276
-8.94668 -121.624 32.2117
-11.4166 -107.861 30.6246
-7.65566 -117.738 35.3801
-11.3199 -110.339 40.6272
-8.79999 -117.546 25.6086
-12.8986 -108.724 18.4152
-15.9983 -96.1787 41.2121
-20.3209 -44.5031 12.0718
-20.4419 -18.0197 -6.60879
7.91987 45.7426 -18.6921
-2.34784 39.5475 -23.8307
-3.9408  101.28 -30.2888
3.47316 103.783 -27.0217
8.20977 112.015 -33.2668
2.56665 113.184 -36.4326
20.9335 104.749 -39.561
21.7692 103.776 -47.0092
22.7055  99.464 -42.2813
21.9515 99.3665 -48.5924
 24.001 95.5208 -43.9502
21.1823 95.2384 -51.7687
19.5841  102.86 -54.1247
16.2581 110.707 -50.3131
11.0317  115.54 -40.2202
-5.90172 101.817 -37.2772
-6.30823 86.5819 -53.6927
16.4875 98.8198 -58.9919
